6000000000000 10 340 300 //level1
3000000000000 10 200 300 //level2
3000000000000 10 450 320 
3000000000000 10 300 120 //level3
3000000000000 10 200 470
3000000000000 10 550 300
2500000000000 10 250 450 //level4
2500000000000 10 250 300
2500000000000 10 425 450
2500000000000 10 250 150
2000000000000 10 600 400 //level5
2000000000000 10 300 520
2000000000000 10 250 300
2000000000000 10 100 240
2000000000000 10 410 100
2000000000000 10 150 220 //level6
2000000000000 10 320 500
2000000000000 10 340 280
2000000000000 10 400 120
2000000000000 10 400 350
2000000000000 10 600 400
1500000000000 10 150 150 //level7
1500000000000 10 250 170
1500000000000 10 350 240
1500000000000 10 430 290
1500000000000 10 440 390
1500000000000 10 560 310
1500000000000 10 545 395
4000000000000 50 350 300 //level8
1 50 350 300
1 50 350 300
1 50 350 300
20000000000 5 130 300
10000000000 5 260 300
10000000000 5 440 300
20000000000 5 580 300
1000000000000 10 390 200 //level9
1000000000000 10 500 520
1000000000000 10 200 400
1000000000000 10 400 500
1000000000000 10 300 500
1000000000000 10 330 200
1000000000000 10 120 300
1000000000000 10 650 100
1000000000000 10 220 300
800000000000 10 350 100 //level10
800000000000 10 300 150
800000000000 10 400 150
800000000000 10 350 200
800000000000 10 350 300
800000000000 10 440 350
800000000000 10 260 350
800000000000 10 350 425
800000000000 10 400 530
800000000000 10 300 530