6000000000001 10 340 300 //level1
4000000000001 10 250 300 //level2
4000000000000 10 420 320 
2000000000001 10 300 150 //level3
2000000000000 10 250 470
2000000000000 10 450 300
2000000000001 10 300 400 //level4
2000000000000 10 300 300
2000000000000 10 425 400
2000000000000 10 300 200
2000000000001 10 500 400 //level5
2000000000000 10 300 500
2000000000000 10 250 300
2000000000000 10 100 240
2000000000000 10 400 100
2000000000001 10 150 220 //level6
2000000000000 10 320 500
2000000000000 10 290 280
2000000000000 10 300 120
2000000000000 10 350 350
2000000000000 10 500 400
2000000000001 10 150 150 //level7
2000000000000 10 250 170
2000000000000 10 350 240
2000000000000 10 430 290
2000000000000 10 440 390
2000000000000 10 560 310
2000000000000 10 545 395
2000000000001 10 300 500 //level8
2000000000000 10 100 400
2000000000000 10 260 100
2000000000000 10 290 180
2000000000000 10 140 230
2000000000000 10 410 120
2000000000000 10 420 240
2000000000000 10 590 380
2000000000001 10 390 200 //level9
2000000000000 10 500 520
2000000000000 10 200 400
2000000000000 10 400 500
2000000000000 10 300 500
2000000000000 10 330 200
2000000000000 10 120 300
2000000000000 10 650 100
2000000000000 10 220 300
2000000000001 10 350 100 //level10
2000000000000 10 300 150
2000000000000 10 400 150
2000000000000 10 350 200
2000000000000 10 350 300
2000000000000 10 440 350
2000000000000 10 260 350
2000000000000 10 350 425
2000000000000 10 400 530
2000000000000 10 300 530